1367.537390 -340.399197 143.664776 	-642.632608 16.746855 -19.649215 	811.528000 -343.658000 61.402000 	42	0
811.528000 -343.658000 61.402000 	-262.076243 -33.904525 10.039367 	658.128000 -352.862000 67.538000 	42	0
658.128000 -352.862000 67.538000 	-262.076243 -33.904525 10.039367 	475.582000 -345.192000 254.686000 	42	0
475.582000 -345.192000 254.686000 	-262.076243 -33.904525 10.039367 	234.744000 -322.182000 253.152000 	42	0
234.744000 -322.182000 253.152000 	-15.678676 195.138081 8.420190 	239.346000 -113.558000 243.948000 	42	0
239.346000 -113.558000 243.948000 	-4.572839 4.215003 -15.765934 	239.346000 -38.392000 185.656000 	42	0
239.346000 -38.392000 185.656000 	-4.572839 4.215003 -15.765934 	288.434000 -41.460000 135.034000 	42	0
288.434000 -41.460000 135.034000 	-4.572839 4.215003 -15.765934 	291.502000 -42.994000 135.034000 	42	0
291.502000 -42.994000 135.034000 	-4.572839 4.215003 -15.765934 	291.502000 -42.994000 135.034000 	42	1
1367.537390 -340.399197 143.664776 	-15.043234 -345.602025 19.102397 	1311.610000 -610.574000 16.916000 	42	0
1311.610000 -610.574000 16.916000 	-15.043234 -345.602025 19.102397 	1284.000000 -941.918000 36.858000 	42	0
1284.000000 -941.918000 36.858000 	-93.370384 10.077759 410.843188 	1279.400000 -941.918000 885.160000 	42	0
1279.400000 -941.918000 885.160000 	-93.370384 10.077759 410.843188 	1314.680000 -846.810000 1322.350000 	42	0
1314.680000 -846.810000 1322.350000 	-377.790000 371.172186 -7.243889 	1072.310000 -273.094000 1313.150000 	42	0
1072.310000 -273.094000 1313.150000 	-74.255251 35.282000 -323.019105 	753.236000 -219.404000 852.946000 	42	0
753.236000 -219.404000 852.946000 	-208.718554 165.656390 -6.474390 	558.418000 -73.674000 694.944000 	42	0
558.418000 -73.674000 694.944000 	-4.572839 4.215003 -15.765934 	618.244000 -79.810000 639.720000 	42	0
618.244000 -79.810000 639.720000 	208.898609 1.972252 -19.381029 	906.636000 -145.772000 610.574000 	42	1
1367.537390 -340.399197 143.664776 	-262.076243 -33.904525 10.039367 	966.462000 -349.794000 112.024000 	42	0
966.462000 -349.794000 112.024000 	-262.076243 -33.904525 10.039367 	739.430000 -351.328000 118.160000 	42	0
739.430000 -351.328000 118.160000 	-93.370384 10.077759 410.843188 	446.436000 -323.716000 451.038000 	42	0
446.436000 -323.716000 451.038000 	-4.572839 4.215003 -15.765934 	405.018000 -256.220000 497.058000 	42	0
405.018000 -256.220000 497.058000 	-15.678676 195.138081 8.420190 	382.008000 -8.726650 644.322000 	42	0
382.008000 -8.726650 644.322000 	-4.572839 4.215003 -15.765934 	480.184000 -8.726650 559.952000 	42	0
480.184000 -8.726650 559.952000 	-4.572839 4.215003 -15.765934 	512.398000 -8.726650 538.476000 	42	0
512.398000 -8.726650 538.476000 	-4.572839 4.215003 -15.765934 	521.602000 -8.726650 538.476000 	42	0
521.602000 -8.726650 538.476000 	-4.572839 4.215003 -15.765934 	538.476000 -8.726650 538.476000 	42	1
1367.537390 -340.399197 143.664776 	-93.370384 10.077759 410.843188 	1296.270000 -316.046000 503.194000 	42	0
1296.270000 -316.046000 503.194000 	-93.370384 10.077759 410.843188 	1262.520000 -317.580000 1030.890000 	42	0
1262.520000 -317.580000 1030.890000 	-93.370384 10.077759 410.843188 	987.938000 -317.580000 1360.700000 	42	0
987.938000 -317.580000 1360.700000 	-642.632608 16.746855 -19.649215 	345.192000 -293.036000 1351.500000 	42	0
345.192000 -293.036000 1351.500000 	-15.678676 195.138081 8.420190 	362.066000 -8.726650 1349.960000 	42	0
362.066000 -8.726650 1349.960000 	208.898609 1.972252 -19.381029 	567.622000 -8.726650 1213.440000 	42	0
567.622000 -8.726650 1213.440000 	-74.255251 35.282000 -323.019105 	567.622000 -8.726650 912.772000 	42	0
567.622000 -8.726650 912.772000 	-74.255251 35.282000 -323.019105 	566.088000 -8.726650 632.050000 	42	0
566.088000 -8.726650 632.050000 	-4.572839 4.215003 -15.765934 	569.156000 -8.726650 573.758000 	42	1
1367.537390 -340.399197 143.664776 	-4.572839 4.215003 -15.765934 	1317.750000 -406.552000 13.848000 	42	0
1317.750000 -406.552000 13.848000 	-15.043234 -345.602025 19.102397 	1316.210000 -602.904000 16.916000 	42	0
1316.210000 -602.904000 16.916000 	-15.043234 -345.602025 19.102397 	1290.140000 -776.246000 30.722000 	42	0
1290.140000 -776.246000 30.722000 	-93.370384 10.077759 410.843188 	1303.940000 -856.014000 489.388000 	42	0
1303.940000 -856.014000 489.388000 	-377.790000 371.172186 -7.243889 	1052.370000 -405.018000 678.070000 	42	0
1052.370000 -405.018000 678.070000 	-208.718554 165.656390 -6.474390 	809.994000 -312.978000 679.604000 	42	0
809.994000 -312.978000 679.604000 	-262.076243 -33.904525 10.039367 	532.340000 -280.764000 676.536000 	42	0
532.340000 -280.764000 676.536000 	-208.718554 165.656390 -6.474390 	354.396000 -112.024000 676.536000 	42	0
354.396000 -112.024000 676.536000 	208.898609 1.972252 -19.381029 	535.408000 -42.994000 559.952000 	42	1
1367.537390 -340.399197 143.664776 	-642.632608 16.746855 -19.649215 	809.994000 -346.726000 67.538000 	42	0
809.994000 -346.726000 67.538000 	-262.076243 -33.904525 10.039367 	536.942000 -325.250000 66.004000 	42	0
536.942000 -325.250000 66.004000 	-262.076243 -33.904525 10.039367 	168.782000 -328.318000 62.936000 	42	0
168.782000 -328.318000 62.936000 	-15.678676 195.138081 8.420190 	164.180000 -12.314000 56.800000 	42	0
164.180000 -12.314000 56.800000 	208.898609 1.972252 -19.381029 	273.094000 -19.984000 41.460000 	42	0
273.094000 -19.984000 41.460000 	-4.572839 4.215003 -15.765934 	273.094000 -19.984000 41.460000 	42	0
273.094000 -19.984000 41.460000 	-4.572839 4.215003 -15.765934 	273.094000 -19.984000 41.460000 	42	0
273.094000 -19.984000 41.460000 	-4.572839 4.215003 -15.765934 	274.628000 -19.984000 39.926000 	42	0
274.628000 -19.984000 39.926000 	-4.572839 4.215003 -15.765934 	274.628000 -19.984000 39.926000 	42	1
1367.537390 -340.399197 143.664776 	-4.572839 4.215003 -15.765934 	1319.280000 -475.582000 13.848000 	42	0
1319.280000 -475.582000 13.848000 	-15.043234 -345.602025 19.102397 	1317.750000 -678.070000 16.916000 	42	0
1317.750000 -678.070000 16.916000 	-15.043234 -345.602025 19.102397 	1310.080000 -977.200000 29.188000 	42	0
1310.080000 -977.200000 29.188000 	-93.370384 10.077759 410.843188 	1290.140000 -875.956000 671.934000 	42	0
1290.140000 -875.956000 671.934000 	-93.370384 10.077759 410.843188 	1313.150000 -793.120000 1153.610000 	42	0
1313.150000 -793.120000 1153.610000 	-377.790000 371.172186 -7.243889 	971.064000 -289.968000 1144.410000 	42	0
971.064000 -289.968000 1144.410000 	-377.790000 371.172186 -7.243889 	504.728000 -8.726650 1055.430000 	42	0
504.728000 -8.726650 1055.430000 	-74.255251 35.282000 -323.019105 	294.570000 -32.256000 391.212000 	42	0
294.570000 -32.256000 391.212000 	-74.255251 35.282000 -323.019105 	234.744000 -95.150000 27.654000 	42	1
1367.537390 -340.399197 143.664776 	-642.632608 16.746855 -19.649215 	713.352000 -395.814000 26.120000 	42	0
713.352000 -395.814000 26.120000 	-262.076243 -33.904525 10.039367 	382.008000 -409.620000 27.654000 	42	0
382.008000 -409.620000 27.654000 	-262.076243 -33.904525 10.039367 	128.898000 -382.008000 23.052000 	42	0
128.898000 -382.008000 23.052000 	-208.718554 165.656390 -6.474390 	-39.842000 -296.104000 8.726650 	42	0
-39.842000 -296.104000 8.726650 	-15.678676 195.138081 8.420190 	46.062000 -104.354000 8.726650 	42	0
46.062000 -104.354000 8.726650 	208.898609 1.972252 -19.381029 	184.122000 -104.354000 16.916000 	42	0
184.122000 -104.354000 16.916000 	-4.572839 4.215003 -15.765934 	253.152000 -104.354000 21.518000 	42	0
253.152000 -104.354000 21.518000 	-4.572839 4.215003 -15.765934 	254.686000 -102.820000 21.518000 	42	0
254.686000 -102.820000 21.518000 	-4.572839 4.215003 -15.765934 	254.686000 -102.820000 21.518000 	42	1
1367.537390 -340.399197 143.664776 	-642.632608 16.746855 -19.649215 	684.206000 -357.464000 306.842000 	42	0
684.206000 -357.464000 306.842000 	-262.076243 -33.904525 10.039367 	346.726000 -357.464000 323.716000 	42	0
346.726000 -357.464000 323.716000 	-15.678676 195.138081 8.420190 	239.346000 -8.726650 314.512000 	42	0
239.346000 -8.726650 314.512000 	208.898609 1.972252 -19.381029 	412.688000 -8.726650 288.434000 	42	0
412.688000 -8.726650 288.434000 	-15.043234 -345.602025 19.102397 	358.998000 -220.938000 289.968000 	42	0
358.998000 -220.938000 289.968000 	-4.572839 4.215003 -15.765934 	355.930000 -147.306000 288.434000 	42	0
355.930000 -147.306000 288.434000 	-4.572839 4.215003 -15.765934 	348.260000 -136.568000 288.434000 	42	0
348.260000 -136.568000 288.434000 	-4.572839 4.215003 -15.765934 	349.794000 -104.354000 288.434000 	42	0
349.794000 -104.354000 288.434000 	-4.572839 4.215003 -15.765934 	352.862000 -79.810000 286.900000 	42	1
1367.537390 -340.399197 143.664776 	208.898609 1.972252 -19.381029 	1807.090000 -300.706000 8.726650 	42	0
1807.090000 -300.706000 8.726650 	-262.076243 -33.904525 10.039367 	1374.510000 -322.182000 8.726650 	42	0
1374.510000 -322.182000 8.726650 	-15.043234 -345.602025 19.102397 	1284.000000 -513.932000 27.654000 	42	0
1284.000000 -513.932000 27.654000 	-262.076243 -33.904525 10.039367 	926.578000 -572.224000 32.256000 	42	0
926.578000 -572.224000 32.256000 	-262.076243 -33.904525 10.039367 	587.564000 -572.224000 38.392000 	42	0
587.564000 -572.224000 38.392000 	-208.718554 165.656390 -6.474390 	270.026000 -447.970000 36.858000 	42	0
270.026000 -447.970000 36.858000 	-208.718554 165.656390 -6.474390 	104.354000 -355.930000 36.858000 	42	0
104.354000 -355.930000 36.858000 	-15.678676 195.138081 8.420190 	108.956000 -211.734000 23.052000 	42	0
108.956000 -211.734000 23.052000 	208.898609 1.972252 -19.381029 	214.802000 -217.870000 32.256000 	42	1
1367.537390 -340.399197 143.664776 	-642.632608 16.746855 -19.649215 	296.104000 -219.404000 177.986000 	42	0
296.104000 -219.404000 177.986000 	-4.572839 4.215003 -15.765934 	296.104000 -219.404000 177.986000 	42	0
296.104000 -219.404000 177.986000 	-4.572839 4.215003 -15.765934 	296.104000 -219.404000 177.986000 	42	0
296.104000 -219.404000 177.986000 	-4.572839 4.215003 -15.765934 	294.570000 -219.404000 177.986000 	42	0
294.570000 -219.404000 177.986000 	-4.572839 4.215003 -15.765934 	294.570000 -219.404000 177.986000 	42	0
294.570000 -219.404000 177.986000 	-4.572839 4.215003 -15.765934 	294.570000 -219.404000 177.986000 	42	0
294.570000 -219.404000 177.986000 	-4.572839 4.215003 -15.765934 	294.570000 -219.404000 177.986000 	42	0
294.570000 -219.404000 177.986000 	-4.572839 4.215003 -15.765934 	296.104000 -219.404000 177.986000 	42	0
296.104000 -219.404000 177.986000 	-4.572839 4.215003 -15.765934 	296.104000 -219.404000 177.986000 	42	1
1367.537390 -340.399197 143.664776 	208.898609 1.972252 -19.381029 	1853.110000 -495.524000 13.848000 	42	0
1853.110000 -495.524000 13.848000 	-262.076243 -33.904525 10.039367 	1474.220000 -635.118000 19.984000 	42	0
1474.220000 -635.118000 19.984000 	-262.076243 -33.904525 10.039367 	1313.150000 -681.138000 23.052000 	42	0
1313.150000 -681.138000 23.052000 	-4.572839 4.215003 -15.765934 	1282.470000 -780.848000 29.188000 	42	0
1282.470000 -780.848000 29.188000 	-262.076243 -33.904525 10.039367 	998.676000 -791.586000 47.596000 	42	0
998.676000 -791.586000 47.596000 	-262.076243 -33.904525 10.039367 	731.760000 -783.916000 73.674000 	42	0
731.760000 -783.916000 73.674000 	-93.370384 10.077759 410.843188 	730.226000 -540.010000 575.292000 	42	0
730.226000 -540.010000 575.292000 	-15.678676 195.138081 8.420190 	714.886000 -270.026000 681.138000 	42	0
714.886000 -270.026000 681.138000 	-208.718554 165.656390 -6.474390 	438.766000 -52.198000 691.876000 	42	1
1367.537390 -340.399197 143.664776 	-15.043234 -345.602025 19.102397 	1455.810000 -616.710000 46.062000 	42	0
1455.810000 -616.710000 46.062000 	-262.076243 -33.904525 10.039367 	1268.660000 -609.040000 39.926000 	42	0
1268.660000 -609.040000 39.926000 	-262.076243 -33.904525 10.039367 	875.956000 -604.438000 30.722000 	42	0
875.956000 -604.438000 30.722000 	-262.076243 -33.904525 10.039367 	665.798000 -604.438000 27.654000 	42	0
665.798000 -604.438000 27.654000 	-262.076243 -33.904525 10.039367 	388.144000 -584.496000 24.586000 	42	0
388.144000 -584.496000 24.586000 	-208.718554 165.656390 -6.474390 	177.986000 -432.630000 15.382000 	42	0
177.986000 -432.630000 15.382000 	-15.678676 195.138081 8.420190 	139.636000 -296.104000 15.382000 	42	0
139.636000 -296.104000 15.382000 	-15.678676 195.138081 8.420190 	141.170000 -138.102000 8.726650 	42	0
141.170000 -138.102000 8.726650 	-4.572839 4.215003 -15.765934 	179.520000 -104.354000 8.726650 	42	1
1367.537390 -340.399197 143.664776 	-93.370384 10.077759 410.843188 	1288.600000 -317.580000 386.610000 	42	0
1288.600000 -317.580000 386.610000 	-93.370384 10.077759 410.843188 	1276.330000 -319.114000 839.140000 	42	0
1276.330000 -319.114000 839.140000 	-93.370384 10.077759 410.843188 	1274.800000 -319.114000 1182.760000 	42	0
1274.800000 -319.114000 1182.760000 	-262.076243 -33.904525 10.039367 	1093.780000 -328.318000 1187.360000 	42	0
1093.780000 -328.318000 1187.360000 	-262.076243 -33.904525 10.039367 	711.818000 -326.784000 1162.810000 	42	0
711.818000 -326.784000 1162.810000 	-74.255251 35.282000 -323.019105 	495.524000 -291.502000 788.518000 	42	0
495.524000 -291.502000 788.518000 	-74.255251 35.282000 -323.019105 	329.852000 -257.754000 408.086000 	42	0
329.852000 -257.754000 408.086000 	-74.255251 35.282000 -323.019105 	194.860000 -257.754000 8.726650 	42	0
194.860000 -257.754000 8.726650 	-4.572839 4.215003 -15.765934 	194.860000 -257.754000 8.726650 	42	1
1367.537390 -340.399197 143.664776 	208.898609 1.972252 -19.381029 	1555.520000 -492.456000 29.188000 	42	0
1555.520000 -492.456000 29.188000 	-262.076243 -33.904525 10.039367 	1348.430000 -532.340000 33.790000 	42	0
1348.430000 -532.340000 33.790000 	-262.076243 -33.904525 10.039367 	1110.660000 -544.612000 112.024000 	42	0
1110.660000 -544.612000 112.024000 	-208.718554 165.656390 -6.474390 	949.588000 -478.650000 107.422000 	42	0
949.588000 -478.650000 107.422000 	-262.076243 -33.904525 10.039367 	725.624000 -469.446000 108.956000 	42	0
725.624000 -469.446000 108.956000 	-262.076243 -33.904525 10.039367 	503.194000 -457.174000 135.034000 	42	0
503.194000 -457.174000 135.034000 	-93.370384 10.077759 410.843188 	489.388000 -437.232000 541.544000 	42	0
489.388000 -437.232000 541.544000 	-15.678676 195.138081 8.420190 	484.786000 -302.240000 670.400000 	42	0
484.786000 -302.240000 670.400000 	-15.678676 195.138081 8.420190 	483.252000 -141.170000 667.332000 	42	1
1367.537390 -340.399197 143.664776 	-4.572839 4.215003 -15.765934 	1310.080000 -388.144000 29.188000 	42	0
1310.080000 -388.144000 29.188000 	-93.370384 10.077759 410.843188 	1158.210000 -403.484000 527.738000 	42	0
1158.210000 -403.484000 527.738000 	-93.370384 10.077759 410.843188 	852.946000 -392.746000 928.112000 	42	0
852.946000 -392.746000 928.112000 	-208.718554 165.656390 -6.474390 	722.556000 -207.132000 928.112000 	42	0
722.556000 -207.132000 928.112000 	-208.718554 165.656390 -6.474390 	487.854000 -8.726650 883.626000 	42	0
487.854000 -8.726650 883.626000 	-74.255251 35.282000 -323.019105 	395.814000 -26.120000 405.018000 	42	0
395.814000 -26.120000 405.018000 	-4.572839 4.215003 -15.765934 	397.348000 -26.120000 369.736000 	42	0
397.348000 -26.120000 369.736000 	-4.572839 4.215003 -15.765934 	397.348000 -26.120000 363.600000 	42	0
397.348000 -26.120000 363.600000 	-4.572839 4.215003 -15.765934 	395.814000 -26.120000 360.532000 	42	1
1367.537390 -340.399197 143.664776 	-15.043234 -345.602025 19.102397 	1300.870000 -711.818000 18.450000 	42	0
1300.870000 -711.818000 18.450000 	-262.076243 -33.904525 10.039367 	1021.690000 -745.566000 32.256000 	42	0
1021.690000 -745.566000 32.256000 	-262.076243 -33.904525 10.039367 	719.488000 -744.032000 32.256000 	42	0
719.488000 -744.032000 32.256000 	-262.076243 -33.904525 10.039367 	383.542000 -728.692000 29.188000 	42	0
383.542000 -728.692000 29.188000 	-208.718554 165.656390 -6.474390 	193.326000 -559.952000 32.256000 	42	0
193.326000 -559.952000 32.256000 	-15.678676 195.138081 8.420190 	93.616000 -299.172000 29.188000 	42	0
93.616000 -299.172000 29.188000 	-4.572839 4.215003 -15.765934 	98.218000 -199.462000 19.984000 	42	0
98.218000 -199.462000 19.984000 	-4.572839 4.215003 -15.765934 	165.714000 -131.966000 12.314000 	42	0
165.714000 -131.966000 12.314000 	-4.572839 4.215003 -15.765934 	200.996000 -142.704000 23.052000 	42	1
1367.537390 -340.399197 143.664776 	-15.043234 -345.602025 19.102397 	1532.510000 -829.936000 8.726650 	42	0
1532.510000 -829.936000 8.726650 	-15.043234 -345.602025 19.102397 	1495.690000 -1086.110000 18.450000 	42	0
1495.690000 -1086.110000 18.450000 	-15.043234 -345.602025 19.102397 	1310.080000 -1391.380000 24.586000 	42	0
1310.080000 -1391.380000 24.586000 	-642.632608 16.746855 -19.649215 	581.428000 -1359.170000 26.120000 	42	0
581.428000 -1359.170000 26.120000 	-15.678676 195.138081 8.420190 	578.360000 -1027.820000 36.858000 	42	0
578.360000 -1027.820000 36.858000 	-208.718554 165.656390 -6.474390 	320.648000 -816.130000 38.392000 	42	0
320.648000 -816.130000 38.392000 	-377.790000 371.172186 -7.243889 	125.830000 -460.242000 32.256000 	42	0
125.830000 -460.242000 32.256000 	-15.678676 195.138081 8.420190 	18.450000 -81.344000 21.518000 	42	0
18.450000 -81.344000 21.518000 	208.898609 1.972252 -19.381029 	214.802000 -62.936000 23.052000 	42	1
1367.537390 -340.399197 143.664776 	-93.370384 10.077759 410.843188 	1472.680000 -316.046000 601.370000 	42	0
1472.680000 -316.046000 601.370000 	-262.076243 -33.904525 10.039367 	1285.530000 -391.212000 604.438000 	42	0
1285.530000 -391.212000 604.438000 	-262.076243 -33.904525 10.039367 	1084.580000 -466.378000 794.654000 	42	0
1084.580000 -466.378000 794.654000 	-262.076243 -33.904525 10.039367 	831.470000 -484.786000 793.120000 	42	0
831.470000 -484.786000 793.120000 	-208.718554 165.656390 -6.474390 	630.516000 -412.688000 791.586000 	42	0
630.516000 -412.688000 791.586000 	-15.678676 195.138081 8.420190 	616.710000 -204.064000 790.052000 	42	0
616.710000 -204.064000 790.052000 	-208.718554 165.656390 -6.474390 	454.106000 -27.654000 782.382000 	42	0
454.106000 -27.654000 782.382000 	-74.255251 35.282000 -323.019105 	457.174000 -18.450000 590.632000 	42	0
457.174000 -18.450000 590.632000 	-74.255251 35.282000 -323.019105 	401.950000 -144.238000 398.882000 	42	1
1367.537390 -340.399197 143.664776 	-15.043234 -345.602025 19.102397 	1359.170000 -604.438000 200.996000 	42	0
1359.170000 -604.438000 200.996000 	-15.043234 -345.602025 19.102397 	1357.630000 -925.044000 210.200000 	42	0
1357.630000 -925.044000 210.200000 	-262.076243 -33.904525 10.039367 	1098.390000 -920.442000 438.766000 	42	0
1098.390000 -920.442000 438.766000 	-93.370384 10.077759 410.843188 	739.430000 -783.916000 730.226000 	42	0
739.430000 -783.916000 730.226000 	-208.718554 165.656390 -6.474390 	483.252000 -513.932000 721.022000 	42	0
483.252000 -513.932000 721.022000 	-262.076243 -33.904525 10.039367 	179.520000 -497.058000 578.360000 	42	0
179.520000 -497.058000 578.360000 	-74.255251 35.282000 -323.019105 	0.041962 -340.590000 337.522000 	42	0
0.041962 -340.590000 337.522000 	-15.678676 195.138081 8.420190 	-58.250000 -85.946000 308.376000 	42	0
-58.250000 -85.946000 308.376000 	208.898609 1.972252 -19.381029 	107.422000 -89.014000 202.530000 	42	1
1367.537390 -340.399197 143.664776 	-262.076243 -33.904525 10.039367 	946.520000 -444.902000 213.268000 	42	0
946.520000 -444.902000 213.268000 	-262.076243 -33.904525 10.039367 	628.982000 -592.166000 214.802000 	42	0
628.982000 -592.166000 214.802000 	-262.076243 -33.904525 10.039367 	487.854000 -592.166000 216.336000 	42	0
487.854000 -592.166000 216.336000 	-262.076243 -33.904525 10.039367 	245.482000 -586.030000 208.666000 	42	0
245.482000 -586.030000 208.666000 	-208.718554 165.656390 -6.474390 	75.208000 -365.134000 211.734000 	42	0
75.208000 -365.134000 211.734000 	-15.678676 195.138081 8.420190 	69.072000 -234.744000 211.734000 	42	0
69.072000 -234.744000 211.734000 	-15.678676 195.138081 8.420190 	69.072000 -105.888000 208.666000 	42	0
69.072000 -105.888000 208.666000 	-4.572839 4.215003 -15.765934 	141.170000 -105.888000 191.792000 	42	0
141.170000 -105.888000 191.792000 	208.898609 1.972252 -19.381029 	337.522000 -104.354000 208.666000 	42	1
1367.537390 -340.399197 143.664776 	-93.370384 10.077759 410.843188 	1328.490000 -385.076000 500.126000 	42	0
1328.490000 -385.076000 500.126000 	-93.370384 10.077759 410.843188 	1175.090000 -411.154000 906.636000 	42	0
1175.090000 -411.154000 906.636000 	-262.076243 -33.904525 10.039367 	839.140000 -472.514000 908.170000 	42	0
839.140000 -472.514000 908.170000 	-262.076243 -33.904525 10.039367 	642.788000 -461.776000 902.034000 	42	0
642.788000 -461.776000 902.034000 	-208.718554 165.656390 -6.474390 	431.096000 -339.056000 716.420000 	42	0
431.096000 -339.056000 716.420000 	-208.718554 165.656390 -6.474390 	305.308000 -127.364000 556.884000 	42	0
305.308000 -127.364000 556.884000 	-15.678676 195.138081 8.420190 	282.298000 -8.726650 420.358000 	42	0
282.298000 -8.726650 420.358000 	-74.255251 35.282000 -323.019105 	282.298000 -8.726650 225.540000 	42	0
282.298000 -8.726650 225.540000 	-4.572839 4.215003 -15.765934 	286.900000 -30.722000 187.190000 	42	1
1367.537390 -340.399197 143.664776 	-15.043234 -345.602025 19.102397 	1443.540000 -875.956000 184.122000 	42	0
1443.540000 -875.956000 184.122000 	-15.043234 -345.602025 19.102397 	1362.230000 -1090.720000 213.268000 	42	0
1362.230000 -1090.720000 213.268000 	-93.370384 10.077759 410.843188 	1346.890000 -1244.120000 532.340000 	42	0
1346.890000 -1244.120000 532.340000 	-93.370384 10.077759 410.843188 	1320.820000 -1239.510000 994.074000 	42	0
1320.820000 -1239.510000 994.074000 	-93.370384 10.077759 410.843188 	1317.750000 -1236.450000 1310.080000 	42	0
1317.750000 -1236.450000 1310.080000 	-377.790000 371.172186 -7.243889 	506.262000 -503.194000 932.714000 	42	0
506.262000 -503.194000 932.714000 	-15.678676 195.138081 8.420190 	415.756000 -323.716000 925.044000 	42	0
415.756000 -323.716000 925.044000 	-74.255251 35.282000 -323.019105 	418.824000 -151.908000 659.662000 	42	0
418.824000 -151.908000 659.662000 	-74.255251 35.282000 -323.019105 	480.184000 -15.382000 460.242000 	42	1
1367.537390 -340.399197 143.664776 	-15.043234 -345.602025 19.102397 	1379.110000 -699.546000 197.928000 	42	0
1379.110000 -699.546000 197.928000 	-93.370384 10.077759 410.843188 	1325.420000 -943.452000 590.632000 	42	0
1325.420000 -943.452000 590.632000 	-208.718554 165.656390 -6.474390 	1009.410000 -767.042000 584.496000 	42	0
1009.410000 -767.042000 584.496000 	-208.718554 165.656390 -6.474390 	717.954000 -581.428000 586.030000 	42	0
717.954000 -581.428000 586.030000 	-208.718554 165.656390 -6.474390 	389.678000 -365.134000 586.030000 	42	0
389.678000 -365.134000 586.030000 	-4.572839 4.215003 -15.765934 	351.328000 -325.250000 592.166000 	42	0
351.328000 -325.250000 592.166000 	-15.678676 195.138081 8.420190 	346.726000 -72.140000 590.632000 	42	0
346.726000 -72.140000 590.632000 	-4.572839 4.215003 -15.765934 	360.532000 -8.726650 506.262000 	42	0
360.532000 -8.726650 506.262000 	-4.572839 4.215003 -15.765934 	434.164000 -8.726650 417.290000 	42	1
1367.537390 -340.399197 143.664776 	-15.043234 -345.602025 19.102397 	1069.240000 -822.266000 216.336000 	42	0
1069.240000 -822.266000 216.336000 	-642.632608 16.746855 -19.649215 	587.564000 -822.266000 219.404000 	42	0
587.564000 -822.266000 219.404000 	-262.076243 -33.904525 10.039367 	219.404000 -811.528000 219.404000 	42	0
219.404000 -811.528000 219.404000 	-208.718554 165.656390 -6.474390 	23.052000 -495.524000 217.870000 	42	0
23.052000 -495.524000 217.870000 	-15.678676 195.138081 8.420190 	-50.580000 -345.192000 213.268000 	42	0
-50.580000 -345.192000 213.268000 	-15.678676 195.138081 8.420190 	-44.444000 -133.500000 200.996000 	42	0
-44.444000 -133.500000 200.996000 	-93.370384 10.077759 410.843188 	358.998000 -56.800000 690.342000 	42	0
358.998000 -56.800000 690.342000 	-74.255251 35.282000 -323.019105 	358.998000 -56.800000 386.610000 	42	0
358.998000 -56.800000 386.610000 	-74.255251 35.282000 -323.019105 	270.026000 -8.726650 194.860000 	42	1
1367.537390 -340.399197 143.664776 	-15.043234 -345.602025 19.102397 	1320.820000 -877.490000 205.598000 	42	0
1320.820000 -877.490000 205.598000 	-15.043234 -345.602025 19.102397 	1323.880000 -1333.090000 228.608000 	42	0
1323.880000 -1333.090000 228.608000 	-93.370384 10.077759 410.843188 	1323.880000 -1333.090000 679.604000 	42	0
1323.880000 -1333.090000 679.604000 	-93.370384 10.077759 410.843188 	1308.540000 -1333.090000 926.578000 	42	0
1308.540000 -1333.090000 926.578000 	-377.790000 371.172186 -7.243889 	846.810000 -719.488000 1046.230000 	42	0
846.810000 -719.488000 1046.230000 	-377.790000 371.172186 -7.243889 	480.184000 -449.504000 1049.300000 	42	0
480.184000 -449.504000 1049.300000 	-15.678676 195.138081 8.420190 	392.746000 -340.590000 1043.160000 	42	0
392.746000 -340.590000 1043.160000 	-15.678676 195.138081 8.420190 	398.882000 -161.112000 954.190000 	42	0
398.882000 -161.112000 954.190000 	-74.255251 35.282000 -323.019105 	492.456000 -154.976000 417.290000 	42	1
1367.537390 -340.399197 143.664776 	-15.043234 -345.602025 19.102397 	1385.240000 -1046.230000 184.122000 	42	0
1385.240000 -1046.230000 184.122000 	-15.043234 -345.602025 19.102397 	1379.110000 -1391.380000 185.656000 	42	0
1379.110000 -1391.380000 185.656000 	-642.632608 16.746855 -19.649215 	546.146000 -1342.290000 184.122000 	42	0
546.146000 -1342.290000 184.122000 	-377.790000 371.172186 -7.243889 	250.084000 -891.296000 214.802000 	42	0
250.084000 -891.296000 214.802000 	-15.678676 195.138081 8.420190 	158.044000 -691.876000 216.336000 	42	0
158.044000 -691.876000 216.336000 	-15.678676 195.138081 8.420190 	62.936000 -385.076000 216.336000 	42	0
62.936000 -385.076000 216.336000 	-15.678676 195.138081 8.420190 	36.858000 -110.490000 214.802000 	42	0
36.858000 -110.490000 214.802000 	208.898609 1.972252 -19.381029 	202.530000 -8.726650 208.666000 	42	0
202.530000 -8.726650 208.666000 	-4.572839 4.215003 -15.765934 	282.298000 -8.726650 204.064000 	42	1
1367.537390 -340.399197 143.664776 	-15.043234 -345.602025 19.102397 	1365.300000 -728.692000 185.656000 	42	0
1365.300000 -728.692000 185.656000 	-262.076243 -33.904525 10.039367 	921.976000 -760.906000 214.802000 	42	0
921.976000 -760.906000 214.802000 	-93.370384 10.077759 410.843188 	859.082000 -564.554000 533.874000 	42	0
859.082000 -564.554000 533.874000 	-208.718554 165.656390 -6.474390 	638.186000 -397.348000 533.874000 	42	0
638.186000 -397.348000 533.874000 	-262.076243 -33.904525 10.039367 	477.116000 -363.600000 533.874000 	42	0
477.116000 -363.600000 533.874000 	-208.718554 165.656390 -6.474390 	339.056000 -274.628000 533.874000 	42	0
339.056000 -274.628000 533.874000 	-4.572839 4.215003 -15.765934 	279.230000 -182.588000 533.874000 	42	0
279.230000 -182.588000 533.874000 	-15.678676 195.138081 8.420190 	349.794000 -8.726650 521.602000 	42	0
349.794000 -8.726650 521.602000 	208.898609 1.972252 -19.381029 	493.990000 -8.726650 493.990000 	42	1
1367.537390 -340.399197 143.664776 	-262.076243 -33.904525 10.039367 	1064.640000 -377.406000 207.132000 	42	0
1064.640000 -377.406000 207.132000 	-262.076243 -33.904525 10.039367 	762.440000 -394.280000 211.734000 	42	0
762.440000 -394.280000 211.734000 	-262.076243 -33.904525 10.039367 	641.254000 -547.680000 213.268000 	42	0
641.254000 -547.680000 213.268000 	-4.572839 4.215003 -15.765934 	553.816000 -633.584000 213.268000 	42	0
553.816000 -633.584000 213.268000 	-262.076243 -33.904525 10.039367 	417.290000 -688.808000 214.802000 	42	0
417.290000 -688.808000 214.802000 	-208.718554 165.656390 -6.474390 	248.550000 -536.942000 216.336000 	42	0
248.550000 -536.942000 216.336000 	-15.678676 195.138081 8.420190 	164.180000 -397.348000 214.802000 	42	0
164.180000 -397.348000 214.802000 	-15.678676 195.138081 8.420190 	153.442000 -294.570000 210.200000 	42	0
153.442000 -294.570000 210.200000 	-15.678676 195.138081 8.420190 	309.910000 -41.460000 202.530000 	42	1
1367.537390 -340.399197 143.664776 	-15.043234 -345.602025 19.102397 	1267.130000 -587.564000 217.870000 	42	0
1267.130000 -587.564000 217.870000 	-262.076243 -33.904525 10.039367 	928.112000 -587.564000 216.336000 	42	0
928.112000 -587.564000 216.336000 	-262.076243 -33.904525 10.039367 	728.692000 -586.030000 214.802000 	42	0
728.692000 -586.030000 214.802000 	-208.718554 165.656390 -6.474390 	521.602000 -500.126000 213.268000 	42	0
521.602000 -500.126000 213.268000 	-15.678676 195.138081 8.420190 	540.010000 -366.668000 208.666000 	42	0
540.010000 -366.668000 208.666000 	-208.718554 165.656390 -6.474390 	358.998000 -308.376000 210.200000 	42	0
358.998000 -308.376000 210.200000 	-208.718554 165.656390 -6.474390 	250.084000 -181.054000 211.734000 	42	0
250.084000 -181.054000 211.734000 	-15.678676 195.138081 8.420190 	250.084000 -47.596000 210.200000 	42	0
250.084000 -47.596000 210.200000 	-4.572839 4.215003 -15.765934 	285.366000 -8.726650 207.132000 	42	1
1367.537390 -340.399197 143.664776 	-15.043234 -345.602025 19.102397 	1500.290000 -1090.720000 182.588000 	42	0
1500.290000 -1090.720000 182.588000 	-262.076243 -33.904525 10.039367 	1356.100000 -1126.000000 207.132000 	42	0
1356.100000 -1126.000000 207.132000 	-208.718554 165.656390 -6.474390 	934.248000 -980.268000 216.336000 	42	0
934.248000 -980.268000 216.336000 	-208.718554 165.656390 -6.474390 	601.370000 -776.246000 217.870000 	42	0
601.370000 -776.246000 217.870000 	-208.718554 165.656390 -6.474390 	335.988000 -563.020000 219.404000 	42	0
335.988000 -563.020000 219.404000 	-208.718554 165.656390 -6.474390 	139.636000 -348.260000 217.870000 	42	0
139.636000 -348.260000 217.870000 	-15.678676 195.138081 8.420190 	73.674000 -208.666000 214.802000 	42	0
73.674000 -208.666000 214.802000 	-15.678676 195.138081 8.420190 	64.470000 -64.470000 208.666000 	42	0
64.470000 -64.470000 208.666000 	208.898609 1.972252 -19.381029 	286.900000 -8.726650 204.064000 	42	1
1367.537390 -340.399197 143.664776 	-262.076243 -33.904525 10.039367 	1244.120000 -428.028000 217.870000 	42	0
1244.120000 -428.028000 217.870000 	-15.043234 -345.602025 19.102397 	1119.860000 -638.186000 211.734000 	42	0
1119.860000 -638.186000 211.734000 	-262.076243 -33.904525 10.039367 	966.462000 -704.148000 213.268000 	42	0
966.462000 -704.148000 213.268000 	-4.572839 4.215003 -15.765934 	852.946000 -704.148000 214.802000 	42	0
852.946000 -704.148000 214.802000 	-208.718554 165.656390 -6.474390 	673.468000 -563.020000 240.880000 	42	0
673.468000 -563.020000 240.880000 	-15.678676 195.138081 8.420190 	639.720000 -446.436000 348.260000 	42	0
639.720000 -446.436000 348.260000 	-208.718554 165.656390 -6.474390 	423.426000 -329.852000 346.726000 	42	0
423.426000 -329.852000 346.726000 	-15.678676 195.138081 8.420190 	334.454000 -174.918000 345.192000 	42	0
334.454000 -174.918000 345.192000 	-15.678676 195.138081 8.420190 	394.280000 -8.726650 331.386000 	42	1
1367.537390 -340.399197 143.664776 	-15.043234 -345.602025 19.102397 	1225.710000 -698.012000 187.190000 	42	0
1225.710000 -698.012000 187.190000 	-262.076243 -33.904525 10.039367 	998.676000 -698.012000 187.190000 	42	0
998.676000 -698.012000 187.190000 	-93.370384 10.077759 410.843188 	891.296000 -696.478000 737.896000 	42	0
891.296000 -696.478000 737.896000 	-15.678676 195.138081 8.420190 	828.402000 -366.668000 1023.220000 	42	0
828.402000 -366.668000 1023.220000 	-377.790000 371.172186 -7.243889 	451.038000 -138.102000 974.132000 	42	0
451.038000 -138.102000 974.132000 	-4.572839 4.215003 -15.765934 	385.076000 -89.014000 833.004000 	42	0
385.076000 -89.014000 833.004000 	-74.255251 35.282000 -323.019105 	345.192000 -87.480000 593.700000 	42	0
345.192000 -87.480000 593.700000 	-74.255251 35.282000 -323.019105 	222.472000 -89.014000 205.598000 	42	0
222.472000 -89.014000 205.598000 	208.898609 1.972252 -19.381029 	352.862000 -92.082000 199.462000 	42	1
1367.537390 -340.399197 143.664776 	-15.043234 -345.602025 19.102397 	1478.820000 -906.636000 207.132000 	42	0
1478.820000 -906.636000 207.132000 	-15.043234 -345.602025 19.102397 	1380.640000 -1126.000000 346.726000 	42	0
1380.640000 -1126.000000 346.726000 	-93.370384 10.077759 410.843188 	1006.350000 -1102.990000 722.556000 	42	0
1006.350000 -1102.990000 722.556000 	-377.790000 371.172186 -7.243889 	655.060000 -786.984000 837.606000 	42	0
655.060000 -786.984000 837.606000 	-377.790000 371.172186 -7.243889 	358.998000 -498.592000 833.004000 	42	0
358.998000 -498.592000 833.004000 	-208.718554 165.656390 -6.474390 	240.880000 -352.862000 831.470000 	42	0
240.880000 -352.862000 831.470000 	208.898609 1.972252 -19.381029 	368.202000 -262.356000 825.334000 	42	0
368.202000 -262.356000 825.334000 	-74.255251 35.282000 -323.019105 	395.814000 -66.004000 595.234000 	42	0
395.814000 -66.004000 595.234000 	-74.255251 35.282000 -323.019105 	363.600000 -8.726650 331.386000 	42	1
1367.537390 -340.399197 143.664776 	-93.370384 10.077759 410.843188 	1245.650000 -385.076000 438.766000 	42	0
1245.650000 -385.076000 438.766000 	-262.076243 -33.904525 10.039367 	1102.990000 -513.932000 438.766000 	42	0
1102.990000 -513.932000 438.766000 	-262.076243 -33.904525 10.039367 	928.112000 -540.010000 438.766000 	42	0
928.112000 -540.010000 438.766000 	-262.076243 -33.904525 10.039367 	722.556000 -535.408000 434.164000 	42	0
722.556000 -535.408000 434.164000 	-208.718554 165.656390 -6.474390 	556.884000 -454.106000 434.164000 	42	0
556.884000 -454.106000 434.164000 	-208.718554 165.656390 -6.474390 	421.892000 -357.464000 432.630000 	42	0
421.892000 -357.464000 432.630000 	-15.678676 195.138081 8.420190 	311.444000 -135.034000 426.494000 	42	0
311.444000 -135.034000 426.494000 	-15.678676 195.138081 8.420190 	311.444000 -8.726650 424.960000 	42	0
311.444000 -8.726650 424.960000 	-4.572839 4.215003 -15.765934 	377.406000 -8.726650 352.862000 	42	1
1367.537390 -340.399197 143.664776 	-262.076243 -33.904525 10.039367 	1079.980000 -536.942000 181.054000 	42	0
1079.980000 -536.942000 181.054000 	-262.076243 -33.904525 10.039367 	750.168000 -536.942000 181.054000 	42	0
750.168000 -536.942000 181.054000 	-262.076243 -33.904525 10.039367 	566.088000 -530.806000 179.520000 	42	0
566.088000 -530.806000 179.520000 	-262.076243 -33.904525 10.039367 	332.920000 -530.806000 179.520000 	42	0
332.920000 -530.806000 179.520000 	-208.718554 165.656390 -6.474390 	70.606000 -262.356000 242.414000 	42	0
70.606000 -262.356000 242.414000 	-15.678676 195.138081 8.420190 	147.306000 -73.674000 512.398000 	42	0
147.306000 -73.674000 512.398000 	-4.572839 4.215003 -15.765934 	148.840000 -70.606000 515.466000 	42	0
148.840000 -70.606000 515.466000 	208.898609 1.972252 -19.381029 	331.386000 -8.726650 533.874000 	42	0
331.386000 -8.726650 533.874000 	-4.572839 4.215003 -15.765934 	405.018000 -8.726650 490.922000 	42	1
1367.537390 -340.399197 143.664776 	208.898609 1.972252 -19.381029 	1567.790000 -382.008000 187.190000 	42	0
1567.790000 -382.008000 187.190000 	-262.076243 -33.904525 10.039367 	1357.630000 -579.894000 205.598000 	42	0
1357.630000 -579.894000 205.598000 	-642.632608 16.746855 -19.649215 	860.616000 -575.292000 199.462000 	42	0
860.616000 -575.292000 199.462000 	-377.790000 371.172186 -7.243889 	375.872000 -366.668000 197.928000 	42	0
375.872000 -366.668000 197.928000 	-208.718554 165.656390 -6.474390 	29.188000 -216.336000 202.530000 	42	0
29.188000 -216.336000 202.530000 	-15.678676 195.138081 8.420190 	1.575960 -18.450000 202.530000 	42	0
1.575960 -18.450000 202.530000 	208.898609 1.972252 -19.381029 	204.064000 -8.726650 202.530000 	42	0
204.064000 -8.726650 202.530000 	-4.572839 4.215003 -15.765934 	247.016000 -8.726650 204.064000 	42	0
247.016000 -8.726650 204.064000 	-4.572839 4.215003 -15.765934 	266.958000 -12.314000 199.462000 	42	1
1367.537390 -340.399197 143.664776 	208.898609 1.972252 -19.381029 	1609.210000 -561.486000 176.452000 	42	0
1609.210000 -561.486000 176.452000 	-262.076243 -33.904525 10.039367 	1374.510000 -725.624000 184.122000 	42	0
1374.510000 -725.624000 184.122000 	-262.076243 -33.904525 10.039367 	1155.140000 -782.382000 205.598000 	42	0
1155.140000 -782.382000 205.598000 	-262.076243 -33.904525 10.039367 	971.064000 -782.382000 214.802000 	42	0
971.064000 -782.382000 214.802000 	-262.076243 -33.904525 10.039367 	693.410000 -780.848000 211.734000 	42	0
693.410000 -780.848000 211.734000 	-262.076243 -33.904525 10.039367 	523.136000 -771.644000 211.734000 	42	0
523.136000 -771.644000 211.734000 	-377.790000 371.172186 -7.243889 	254.686000 -464.844000 213.268000 	42	0
254.686000 -464.844000 213.268000 	-15.678676 195.138081 8.420190 	190.258000 -148.840000 211.734000 	42	0
190.258000 -148.840000 211.734000 	-15.678676 195.138081 8.420190 	294.570000 -8.726650 202.530000 	42	1
1367.537390 -340.399197 143.664776 	-262.076243 -33.904525 10.039367 	1052.370000 -572.224000 210.200000 	42	0
1052.370000 -572.224000 210.200000 	-262.076243 -33.904525 10.039367 	820.732000 -573.758000 207.132000 	42	0
820.732000 -573.758000 207.132000 	-262.076243 -33.904525 10.039367 	541.544000 -569.156000 205.598000 	42	0
541.544000 -569.156000 205.598000 	-4.572839 4.215003 -15.765934 	411.154000 -524.670000 205.598000 	42	0
411.154000 -524.670000 205.598000 	-208.718554 165.656390 -6.474390 	222.472000 -431.096000 205.598000 	42	0
222.472000 -431.096000 205.598000 	-4.572839 4.215003 -15.765934 	124.296000 -363.600000 205.598000 	42	0
124.296000 -363.600000 205.598000 	-15.678676 195.138081 8.420190 	67.538000 -247.016000 204.064000 	42	0
67.538000 -247.016000 204.064000 	-15.678676 195.138081 8.420190 	116.626000 -23.052000 199.462000 	42	0
116.626000 -23.052000 199.462000 	208.898609 1.972252 -19.381029 	282.298000 -8.726650 199.462000 	42	1
1367.537390 -340.399197 143.664776 	208.898609 1.972252 -19.381029 	1738.060000 -305.308000 179.520000 	42	0
1738.060000 -305.308000 179.520000 	-15.043234 -345.602025 19.102397 	1550.920000 -566.088000 179.520000 	42	0
1550.920000 -566.088000 179.520000 	-262.076243 -33.904525 10.039367 	1369.900000 -745.566000 182.588000 	42	0
1369.900000 -745.566000 182.588000 	-262.076243 -33.904525 10.039367 	1010.950000 -739.430000 217.870000 	42	0
1010.950000 -739.430000 217.870000 	-262.076243 -33.904525 10.039367 	731.760000 -739.430000 228.608000 	42	0
731.760000 -739.430000 228.608000 	-93.370384 10.077759 410.843188 	708.750000 -707.216000 624.380000 	42	0
708.750000 -707.216000 624.380000 	-208.718554 165.656390 -6.474390 	564.554000 -429.562000 630.516000 	42	0
564.554000 -429.562000 630.516000 	-208.718554 165.656390 -6.474390 	362.066000 -193.326000 625.914000 	42	0
362.066000 -193.326000 625.914000 	208.898609 1.972252 -19.381029 	512.398000 -49.130000 490.922000 	42	1
1367.537390 -340.399197 143.664776 	-93.370384 10.077759 410.843188 	1346.890000 -527.738000 444.902000 	42	0
1346.890000 -527.738000 444.902000 	-93.370384 10.077759 410.843188 	1322.350000 -570.690000 713.352000 	42	0
1322.350000 -570.690000 713.352000 	-15.043234 -345.602025 19.102397 	1322.350000 -813.062000 826.868000 	42	0
1322.350000 -813.062000 826.868000 	-4.572839 4.215003 -15.765934 	1202.700000 -802.324000 820.732000 	42	0
1202.700000 -802.324000 820.732000 	-377.790000 371.172186 -7.243889 	813.062000 -590.632000 822.266000 	42	0
813.062000 -590.632000 822.266000 	-208.718554 165.656390 -6.474390 	575.292000 -355.930000 822.266000 	42	0
575.292000 -355.930000 822.266000 	-208.718554 165.656390 -6.474390 	365.134000 -108.956000 825.334000 	42	0
365.134000 -108.956000 825.334000 	208.898609 1.972252 -19.381029 	523.136000 -62.936000 803.858000 	42	0
523.136000 -62.936000 803.858000 	-74.255251 35.282000 -323.019105 	523.136000 -58.334000 441.834000 	42	1
1367.537390 -340.399197 143.664776 	-93.370384 10.077759 410.843188 	1363.770000 -401.950000 882.092000 	42	0
1363.770000 -401.950000 882.092000 	-4.572839 4.215003 -15.765934 	1351.500000 -401.950000 997.142000 	42	0
1351.500000 -401.950000 997.142000 	-262.076243 -33.904525 10.039367 	1000.210000 -401.950000 980.268000 	42	0
1000.210000 -401.950000 980.268000 	-262.076243 -33.904525 10.039367 	675.002000 -392.746000 826.868000 	42	0
675.002000 -392.746000 826.868000 	-74.255251 35.282000 -323.019105 	489.388000 -371.270000 512.398000 	42	0
489.388000 -371.270000 512.398000 	-208.718554 165.656390 -6.474390 	308.376000 -257.754000 478.650000 	42	0
308.376000 -257.754000 478.650000 	-74.255251 35.282000 -323.019105 	242.414000 -268.492000 185.656000 	42	0
242.414000 -268.492000 185.656000 	-15.678676 195.138081 8.420190 	240.880000 -33.790000 184.122000 	42	0
240.880000 -33.790000 184.122000 	-4.572839 4.215003 -15.765934 	312.978000 -8.726650 196.394000 	42	1
1367.537390 -340.399197 143.664776 	-642.632608 16.746855 -19.649215 	306.842000 -8.726650 199.462000 	42	0
306.842000 -8.726650 199.462000 	-4.572839 4.215003 -15.765934 	308.376000 -8.726650 200.996000 	42	0
308.376000 -8.726650 200.996000 	-4.572839 4.215003 -15.765934 	308.376000 -8.726650 199.462000 	42	0
308.376000 -8.726650 199.462000 	-4.572839 4.215003 -15.765934 	308.376000 -8.726650 200.996000 	42	0
308.376000 -8.726650 200.996000 	-4.572839 4.215003 -15.765934 	306.842000 -8.726650 200.996000 	42	0
306.842000 -8.726650 200.996000 	-4.572839 4.215003 -15.765934 	308.376000 -8.726650 199.462000 	42	0
308.376000 -8.726650 199.462000 	-4.572839 4.215003 -15.765934 	308.376000 -8.726650 200.996000 	42	0
308.376000 -8.726650 200.996000 	-4.572839 4.215003 -15.765934 	308.376000 -8.726650 200.996000 	42	0
308.376000 -8.726650 200.996000 	-4.572839 4.215003 -15.765934 	308.376000 -8.726650 199.462000 	42	1
1367.537390 -340.399197 143.664776 	-15.043234 -345.602025 19.102397 	1377.570000 -604.438000 182.588000 	42	0
1377.570000 -604.438000 182.588000 	-93.370384 10.077759 410.843188 	1162.810000 -605.972000 495.524000 	42	0
1162.810000 -605.972000 495.524000 	-262.076243 -33.904525 10.039367 	739.430000 -618.244000 495.524000 	42	0
739.430000 -618.244000 495.524000 	-208.718554 165.656390 -6.474390 	492.456000 -520.068000 495.524000 	42	0
492.456000 -520.068000 495.524000 	-208.718554 165.656390 -6.474390 	342.124000 -382.008000 495.524000 	42	0
342.124000 -382.008000 495.524000 	-208.718554 165.656390 -6.474390 	200.996000 -329.852000 498.592000 	42	0
200.996000 -329.852000 498.592000 	-15.678676 195.138081 8.420190 	179.520000 -170.316000 500.126000 	42	0
179.520000 -170.316000 500.126000 	-15.678676 195.138081 8.420190 	181.054000 -19.984000 493.990000 	42	0
181.054000 -19.984000 493.990000 	208.898609 1.972252 -19.381029 	293.036000 -19.984000 489.388000 	42	1
1367.537390 -340.399197 143.664776 	208.898609 1.972252 -19.381029 	1916.010000 -349.794000 190.258000 	42	0
1916.010000 -349.794000 190.258000 	-15.043234 -345.602025 19.102397 	1899.130000 -734.828000 190.258000 	42	0
1899.130000 -734.828000 190.258000 	-642.632608 16.746855 -19.649215 	1394.450000 -860.616000 200.996000 	42	0
1394.450000 -860.616000 200.996000 	-642.632608 16.746855 -19.649215 	816.130000 -974.132000 239.346000 	42	0
816.130000 -974.132000 239.346000 	-93.370384 10.077759 410.843188 	612.108000 -840.674000 708.750000 	42	0
612.108000 -840.674000 708.750000 	-15.678676 195.138081 8.420190 	566.088000 -564.554000 779.314000 	42	0
566.088000 -564.554000 779.314000 	-208.718554 165.656390 -6.474390 	325.250000 -348.260000 779.314000 	42	0
325.250000 -348.260000 779.314000 	-15.678676 195.138081 8.420190 	297.638000 -8.726650 763.974000 	42	0
297.638000 -8.726650 763.974000 	-74.255251 35.282000 -323.019105 	345.192000 -8.726650 270.026000 	42	1
1367.537390 -340.399197 143.664776 	208.898609 1.972252 -19.381029 	1544.780000 -161.112000 179.520000 	42	0
1544.780000 -161.112000 179.520000 	208.898609 1.972252 -19.381029 	1770.280000 -352.862000 179.520000 	42	0
1770.280000 -352.862000 179.520000 	-262.076243 -33.904525 10.039367 	1356.100000 -605.972000 207.132000 	42	0
1356.100000 -605.972000 207.132000 	-642.632608 16.746855 -19.649215 	796.188000 -628.982000 225.540000 	42	0
796.188000 -628.982000 225.540000 	-642.632608 16.746855 -19.649215 	331.386000 -639.720000 187.190000 	42	0
331.386000 -639.720000 187.190000 	-208.718554 165.656390 -6.474390 	151.908000 -411.154000 187.190000 	42	0
151.908000 -411.154000 187.190000 	-208.718554 165.656390 -6.474390 	-30.638000 -182.588000 191.792000 	42	0
-30.638000 -182.588000 191.792000 	-15.678676 195.138081 8.420190 	119.694000 -8.726650 200.996000 	42	0
119.694000 -8.726650 200.996000 	208.898609 1.972252 -19.381029 	326.784000 -10.780000 202.530000 	42	1
1367.537390 -340.399197 143.664776 	-15.043234 -345.602025 19.102397 	1507.960000 -731.760000 188.724000 	42	0
1507.960000 -731.760000 188.724000 	-15.043234 -345.602025 19.102397 	1646.020000 -1127.530000 188.724000 	42	0
1646.020000 -1127.530000 188.724000 	-262.076243 -33.904525 10.039367 	1359.170000 -1244.120000 225.540000 	42	0
1359.170000 -1244.120000 225.540000 	-93.370384 10.077759 410.843188 	971.064000 -1044.700000 605.972000 	42	0
971.064000 -1044.700000 605.972000 	-377.790000 371.172186 -7.243889 	529.272000 -742.498000 573.758000 	42	0
529.272000 -742.498000 573.758000 	-208.718554 165.656390 -6.474390 	277.696000 -497.058000 572.224000 	42	0
277.696000 -497.058000 572.224000 	-15.678676 195.138081 8.420190 	174.918000 -297.638000 563.020000 	42	0
174.918000 -297.638000 563.020000 	-74.255251 35.282000 -323.019105 	174.918000 -23.052000 205.598000 	42	0
174.918000 -23.052000 205.598000 	208.898609 1.972252 -19.381029 	357.464000 -8.726650 188.724000 	42	1
1367.537390 -340.399197 143.664776 	-262.076243 -33.904525 10.039367 	1040.090000 -383.542000 197.928000 	42	0
1040.090000 -383.542000 197.928000 	-4.572839 4.215003 -15.765934 	983.336000 -517.000000 199.462000 	42	0
983.336000 -517.000000 199.462000 	-262.076243 -33.904525 10.039367 	833.004000 -598.302000 199.462000 	42	0
833.004000 -598.302000 199.462000 	-262.076243 -33.904525 10.039367 	665.798000 -598.302000 199.462000 	42	0
665.798000 -598.302000 199.462000 	-4.572839 4.215003 -15.765934 	543.078000 -598.302000 202.530000 	42	0
543.078000 -598.302000 202.530000 	-262.076243 -33.904525 10.039367 	405.018000 -596.768000 216.336000 	42	0
405.018000 -596.768000 216.336000 	-4.572839 4.215003 -15.765934 	325.250000 -547.680000 302.240000 	42	0
325.250000 -547.680000 302.240000 	-15.678676 195.138081 8.420190 	323.716000 -464.844000 507.796000 	42	0
323.716000 -464.844000 507.796000 	-15.678676 195.138081 8.420190 	412.688000 -56.800000 319.114000 	42	1
1367.537390 -340.399197 143.664776 	-262.076243 -33.904525 10.039367 	1214.970000 -520.068000 217.870000 	42	0
1214.970000 -520.068000 217.870000 	-262.076243 -33.904525 10.039367 	1035.490000 -593.700000 220.938000 	42	0
1035.490000 -593.700000 220.938000 	-262.076243 -33.904525 10.039367 	762.440000 -592.166000 224.006000 	42	0
762.440000 -592.166000 224.006000 	-93.370384 10.077759 410.843188 	486.320000 -541.544000 478.650000 	42	0
486.320000 -541.544000 478.650000 	-15.678676 195.138081 8.420190 	409.620000 -374.338000 566.088000 	42	0
409.620000 -374.338000 566.088000 	-15.678676 195.138081 8.420190 	377.406000 -182.588000 558.418000 	42	0
377.406000 -182.588000 558.418000 	-15.678676 195.138081 8.420190 	328.318000 -52.198000 524.670000 	42	0
328.318000 -52.198000 524.670000 	-4.572839 4.215003 -15.765934 	328.318000 -8.726650 394.280000 	42	0
328.318000 -8.726650 394.280000 	-4.572839 4.215003 -15.765934 	331.386000 -8.726650 245.482000 	42	1
1367.537390 -340.399197 143.664776 	-15.043234 -345.602025 19.102397 	1610.740000 -736.362000 179.520000 	42	0
1610.740000 -736.362000 179.520000 	-4.572839 4.215003 -15.765934 	1595.400000 -868.286000 196.394000 	42	0
1595.400000 -868.286000 196.394000 	-262.076243 -33.904525 10.039367 	1434.330000 -905.102000 200.996000 	42	0
1434.330000 -905.102000 200.996000 	-4.572839 4.215003 -15.765934 	1316.210000 -905.102000 273.094000 	42	0
1316.210000 -905.102000 273.094000 	-93.370384 10.077759 410.843188 	1135.200000 -902.034000 555.350000 	42	0
1135.200000 -902.034000 555.350000 	-377.790000 371.172186 -7.243889 	796.188000 -559.952000 794.654000 	42	0
796.188000 -559.952000 794.654000 	-377.790000 371.172186 -7.243889 	377.406000 -316.046000 543.078000 	42	0
377.406000 -316.046000 543.078000 	-74.255251 35.282000 -323.019105 	73.674000 -154.976000 207.132000 	42	0
73.674000 -154.976000 207.132000 	-4.572839 4.215003 -15.765934 	73.674000 -145.772000 204.064000 	42	1
1367.537390 -340.399197 143.664776 	-262.076243 -33.904525 10.039367 	1214.970000 -300.706000 211.734000 	42	0
1214.970000 -300.706000 211.734000 	-4.572839 4.215003 -15.765934 	1149.010000 -300.706000 211.734000 	42	0
1149.010000 -300.706000 211.734000 	-262.076243 -33.904525 10.039367 	886.694000 -392.746000 196.394000 	42	0
886.694000 -392.746000 196.394000 	-262.076243 -33.904525 10.039367 	575.292000 -444.902000 204.064000 	42	0
575.292000 -444.902000 204.064000 	-262.076243 -33.904525 10.039367 	308.376000 -480.184000 185.656000 	42	0
308.376000 -480.184000 185.656000 	-208.718554 165.656390 -6.474390 	135.034000 -366.668000 205.598000 	42	0
135.034000 -366.668000 205.598000 	-15.678676 195.138081 8.420190 	84.412000 -162.646000 208.666000 	42	0
84.412000 -162.646000 208.666000 	-15.678676 195.138081 8.420190 	133.500000 -8.726650 194.860000 	42	0
133.500000 -8.726650 194.860000 	208.898609 1.972252 -19.381029 	300.706000 -8.726650 179.520000 	42	1
1367.537390 -340.399197 143.664776 	-15.043234 -345.602025 19.102397 	1152.080000 -716.420000 205.598000 	42	0
1152.080000 -716.420000 205.598000 	-262.076243 -33.904525 10.039367 	736.362000 -765.508000 210.200000 	42	0
736.362000 -765.508000 210.200000 	-262.076243 -33.904525 10.039367 	299.172000 -713.352000 208.666000 	42	0
299.172000 -713.352000 208.666000 	-208.718554 165.656390 -6.474390 	69.072000 -512.398000 205.598000 	42	0
69.072000 -512.398000 205.598000 	-15.678676 195.138081 8.420190 	67.538000 -358.998000 208.666000 	42	0
67.538000 -358.998000 208.666000 	-4.572839 4.215003 -15.765934 	-18.366000 -352.862000 204.064000 	42	0
-18.366000 -352.862000 204.064000 	-15.678676 195.138081 8.420190 	-68.988000 -179.520000 202.530000 	42	0
-68.988000 -179.520000 202.530000 	-15.678676 195.138081 8.420190 	61.402000 -9.245960 196.394000 	42	0
61.402000 -9.245960 196.394000 	208.898609 1.972252 -19.381029 	362.066000 -39.926000 205.598000 	42	1
1367.537390 -340.399197 143.664776 	-15.043234 -345.602025 19.102397 	1422.060000 -533.874000 168.782000 	42	0
1422.060000 -533.874000 168.782000 	-262.076243 -33.904525 10.039367 	1173.550000 -633.584000 205.598000 	42	0
1173.550000 -633.584000 205.598000 	-262.076243 -33.904525 10.039367 	891.296000 -633.584000 205.598000 	42	0
891.296000 -633.584000 205.598000 	-262.076243 -33.904525 10.039367 	655.060000 -621.312000 200.996000 	42	0
655.060000 -621.312000 200.996000 	-262.076243 -33.904525 10.039367 	282.298000 -556.884000 179.520000 	42	0
282.298000 -556.884000 179.520000 	-208.718554 165.656390 -6.474390 	151.908000 -374.338000 184.122000 	42	0
151.908000 -374.338000 184.122000 	-15.678676 195.138081 8.420190 	84.412000 -159.578000 199.462000 	42	0
84.412000 -159.578000 199.462000 	-15.678676 195.138081 8.420190 	107.422000 -21.518000 193.326000 	42	0
107.422000 -21.518000 193.326000 	208.898609 1.972252 -19.381029 	285.366000 -8.726650 187.190000 	42	1
1367.537390 -340.399197 143.664776 	-93.370384 10.077759 410.843188 	1257.920000 -434.164000 581.428000 	42	0
1257.920000 -434.164000 581.428000 	-262.076243 -33.904525 10.039367 	949.588000 -581.428000 731.760000 	42	0
949.588000 -581.428000 731.760000 	-262.076243 -33.904525 10.039367 	733.294000 -704.148000 791.586000 	42	0
733.294000 -704.148000 791.586000 	-208.718554 165.656390 -6.474390 	561.486000 -513.932000 865.218000 	42	0
561.486000 -513.932000 865.218000 	-15.678676 195.138081 8.420190 	483.252000 -352.862000 863.684000 	42	0
483.252000 -352.862000 863.684000 	-15.678676 195.138081 8.420190 	530.806000 -150.374000 857.548000 	42	0
530.806000 -150.374000 857.548000 	-15.678676 195.138081 8.420190 	536.942000 -8.726650 833.004000 	42	0
536.942000 -8.726650 833.004000 	-74.255251 35.282000 -323.019105 	362.066000 -8.726650 507.796000 	42	0
362.066000 -8.726650 507.796000 	-4.572839 4.215003 -15.765934 	438.766000 -10.780000 335.988000 	42	1
1367.537390 -340.399197 143.664776 	-93.370384 10.077759 410.843188 	1176.620000 -377.406000 437.232000 	42	0
1176.620000 -377.406000 437.232000 	-93.370384 10.077759 410.843188 	986.404000 -351.328000 668.866000 	42	0
986.404000 -351.328000 668.866000 	-262.076243 -33.904525 10.039367 	694.944000 -342.124000 474.048000 	42	0
694.944000 -342.124000 474.048000 	-262.076243 -33.904525 10.039367 	546.146000 -351.328000 474.048000 	42	0
546.146000 -351.328000 474.048000 	-262.076243 -33.904525 10.039367 	406.552000 -351.328000 474.048000 	42	0
406.552000 -351.328000 474.048000 	-208.718554 165.656390 -6.474390 	250.084000 -210.200000 472.514000 	42	0
250.084000 -210.200000 472.514000 	-74.255251 35.282000 -323.019105 	151.908000 -210.200000 205.598000 	42	0
151.908000 -210.200000 205.598000 	-15.678676 195.138081 8.420190 	204.064000 -70.606000 190.258000 	42	0
204.064000 -70.606000 190.258000 	-4.572839 4.215003 -15.765934 	250.084000 -70.606000 190.258000 	42	1
1367.537390 -340.399197 143.664776 	-93.370384 10.077759 410.843188 	1199.630000 -355.930000 914.306000 	42	0
1199.630000 -355.930000 914.306000 	-642.632608 16.746855 -19.649215 	678.070000 -340.590000 590.632000 	42	0
678.070000 -340.590000 590.632000 	-262.076243 -33.904525 10.039367 	454.106000 -340.590000 461.776000 	42	0
454.106000 -340.590000 461.776000 	-74.255251 35.282000 -323.019105 	366.668000 -337.522000 202.530000 	42	0
366.668000 -337.522000 202.530000 	-208.718554 165.656390 -6.474390 	93.616000 -207.132000 199.462000 	42	0
93.616000 -207.132000 199.462000 	-15.678676 195.138081 8.420190 	4.643960 -69.072000 199.462000 	42	0
4.643960 -69.072000 199.462000 	208.898609 1.972252 -19.381029 	141.170000 -8.726650 190.258000 	42	0
141.170000 -8.726650 190.258000 	-4.572839 4.215003 -15.765934 	207.132000 -8.726650 187.190000 	42	0
207.132000 -8.726650 187.190000 	208.898609 1.972252 -19.381029 	322.182000 -8.726650 204.064000 	42	1
1367.537390 -340.399197 143.664776 	-15.043234 -345.602025 19.102397 	1420.530000 -742.498000 181.054000 	42	0
1420.530000 -742.498000 181.054000 	-262.076243 -33.904525 10.039367 	997.142000 -872.888000 211.734000 	42	0
997.142000 -872.888000 211.734000 	-642.632608 16.746855 -19.649215 	467.912000 -811.528000 207.132000 	42	0
467.912000 -811.528000 207.132000 	-208.718554 165.656390 -6.474390 	177.986000 -601.370000 200.996000 	42	0
177.986000 -601.370000 200.996000 	-208.718554 165.656390 -6.474390 	58.334000 -383.542000 196.394000 	42	0
58.334000 -383.542000 196.394000 	-208.718554 165.656390 -6.474390 	-95.066000 -193.326000 196.394000 	42	0
-95.066000 -193.326000 196.394000 	-15.678676 195.138081 8.420190 	-61.318000 -21.518000 185.656000 	42	0
-61.318000 -21.518000 185.656000 	208.898609 1.972252 -19.381029 	207.132000 -26.120000 184.122000 	42	0
207.132000 -26.120000 184.122000 	208.898609 1.972252 -19.381029 	339.056000 -8.726650 176.452000 	42	1
1367.537390 -340.399197 143.664776 	-15.043234 -345.602025 19.102397 	1388.310000 -668.866000 179.520000 	42	0
1388.310000 -668.866000 179.520000 	-262.076243 -33.904525 10.039367 	1201.160000 -780.848000 204.064000 	42	0
1201.160000 -780.848000 204.064000 	-262.076243 -33.904525 10.039367 	888.228000 -782.382000 205.598000 	42	0
888.228000 -782.382000 205.598000 	-262.076243 -33.904525 10.039367 	559.952000 -773.178000 208.666000 	42	0
559.952000 -773.178000 208.666000 	-208.718554 165.656390 -6.474390 	245.482000 -609.040000 202.530000 	42	0
245.482000 -609.040000 202.530000 	-208.718554 165.656390 -6.474390 	115.092000 -469.446000 202.530000 	42	0
115.092000 -469.446000 202.530000 	-15.678676 195.138081 8.420190 	4.643960 -247.016000 199.462000 	42	0
4.643960 -247.016000 199.462000 	-15.678676 195.138081 8.420190 	30.722000 -56.800000 184.122000 	42	0
30.722000 -56.800000 184.122000 	208.898609 1.972252 -19.381029 	362.066000 -53.732000 194.860000 	42	1
1367.537390 -340.399197 143.664776 	-93.370384 10.077759 410.843188 	1173.550000 -375.872000 500.126000 	42	0
1173.550000 -375.872000 500.126000 	-262.076243 -33.904525 10.039367 	852.946000 -375.872000 497.058000 	42	0
852.946000 -375.872000 497.058000 	-262.076243 -33.904525 10.039367 	607.506000 -374.338000 497.058000 	42	0
607.506000 -374.338000 497.058000 	-4.572839 4.215003 -15.765934 	481.718000 -369.736000 490.922000 	42	0
481.718000 -369.736000 490.922000 	-208.718554 165.656390 -6.474390 	266.958000 -227.074000 498.592000 	42	0
266.958000 -227.074000 498.592000 	-15.678676 195.138081 8.420190 	187.190000 -87.480000 498.592000 	42	0
187.190000 -87.480000 498.592000 	-4.572839 4.215003 -15.765934 	185.656000 -8.726650 495.524000 	42	0
185.656000 -8.726650 495.524000 	208.898609 1.972252 -19.381029 	334.454000 -8.726650 490.922000 	42	0
334.454000 -8.726650 490.922000 	-74.255251 35.282000 -323.019105 	355.930000 -8.726650 302.240000 	42	1
